2023-03-08 00:00:00,4024.75,4026.25,4022.5,4022.5,6425
2023-03-08 01:00:00,4022.75,4026.25,4021.75,4025.75,8021
2023-03-08 02:00:00,4025.75,4026.0,4022.5,4023.25,8309
2023-03-08 03:00:00,4023.25,4031.0,4023.0,4027.5,26381
2023-03-08 04:00:00,4027.5,4029.75,4022.25,4028.5,17339
2023-03-08 05:00:00,4028.75,4032.0,4026.0,4031.25,13907
2023-03-08 06:00:00,4031.25,4035.5,4028.25,4028.75,24927
2023-03-08 07:00:00,4028.75,4030.25,4017.0,4023.5,33180
2023-03-08 08:00:00,4023.25,4031.0,4017.75,4025.75,68320
2023-03-08 09:00:00,4025.5,4032.0,4020.25,4028.5,173060
2023-03-08 10:00:00,4028.25,4038.0,4009.0,4024.5,430072
2023-03-08 11:00:00,4024.25,4038.0,4018.0,4034.0,174351
2023-03-08 12:00:00,4034.25,4036.0,4013.0,4020.25,146936
2023-03-08 13:00:00,4020.25,4022.5,4006.25,4010.5,178917
2023-03-08 14:00:00,4010.75,4020.75,4009.75,4014.0,125329
2023-03-08 15:00:00,4014.0,4032.5,4010.0,4030.25,211383
2023-03-08 16:00:00,4030.25,4033.0,4028.75,4033.0,47747
2023-03-08 18:00:00,4031.75,4032.5,4028.75,4029.25,6475
2023-03-08 19:00:00,4029.5,4030.0,4019.75,4027.0,19229
2023-03-08 20:00:00,4027.25,4029.25,4020.0,4020.5,11275
2023-03-08 21:00:00,4020.25,4024.0,4019.75,4023.75,7940
2023-03-08 22:00:00,4023.5,4024.25,4021.5,4023.5,5666
2023-03-08 23:00:00,4023.75,4025.25,4022.5,4024.75,2991
2023-03-09 00:00:00,4024.75,4027.75,4024.25,4026.25,5113
2023-03-09 01:00:00,4026.5,4028.25,4025.25,4027.25,5556
2023-03-09 02:00:00,4027.0,4027.25,4022.25,4023.75,10639
2023-03-09 03:00:00,4023.75,4025.25,4018.5,4021.25,23771
2023-03-09 04:00:00,4021.25,4021.25,4013.75,4014.5,20242
2023-03-09 05:00:00,4014.5,4020.0,4013.5,4020.0,16114
2023-03-09 06:00:00,4020.0,4024.0,4019.0,4023.0,13645
2023-03-09 07:00:00,4023.0,4023.5,4015.5,4018.5,19269
2023-03-09 08:00:00,4018.25,4037.0,4014.75,4036.5,82181
2023-03-09 09:00:00,4036.25,4054.5,4033.25,4047.25,255280
2023-03-09 10:00:00,4047.25,4052.5,4033.5,4039.0,266453
2023-03-09 11:00:00,4039.0,4040.0,4029.75,4030.0,187996
2023-03-09 12:00:00,4030.25,4032.5,4016.25,4018.5,206883
2023-03-09 13:00:00,4018.5,4021.75,3986.75,3991.0,279682
2023-03-09 14:00:00,3991.0,3993.5,3972.5,3973.25,280924
2023-03-09 15:00:00,3973.25,3976.0,3944.25,3955.0,496652
2023-03-09 16:00:00,3955.0,3959.0,3948.0,3953.75,86304
2023-03-09 18:00:00,3953.75,3954.0,3940.75,3946.75,18585
2023-03-09 19:00:00,3946.5,3948.25,3938.5,3939.75,20743
2023-03-09 20:00:00,3939.75,3942.75,3935.0,3938.25,19136
2023-03-09 21:00:00,3938.25,3940.0,3927.25,3935.5,39095
2023-03-09 22:00:00,3935.25,3935.75,3928.5,3928.75,12655
2023-03-09 23:00:00,3928.75,3929.75,3921.75,3923.75,16908
2023-03-10 00:00:00,3923.75,3931.0,3923.5,3926.0,12813
2023-03-10 01:00:00,3926.0,3927.5,3919.0,3923.75,12393
2023-03-10 02:00:00,3923.75,3938.0,3922.25,3930.75,28772
2023-03-10 03:00:00,3931.0,3936.5,3923.25,3931.75,43205
2023-03-10 04:00:00,3931.5,3946.25,3930.25,3938.5,36050
2023-03-10 05:00:00,3938.25,3948.25,3937.25,3941.25,26989
2023-03-10 06:00:00,3941.0,3955.5,3936.0,3949.0,39352
2023-03-10 07:00:00,3949.0,3953.25,3943.25,3948.5,35366
2023-03-10 08:00:00,3948.75,3976.5,3927.25,3964.25,168638
2023-03-10 09:00:00,3964.25,3968.5,3913.25,3930.0,347853
2023-03-10 10:00:00,3930.0,3951.75,3922.0,3950.75,316229
2023-03-10 11:00:00,3950.5,3969.5,3935.0,3936.75,275824
2023-03-10 12:00:00,3936.75,3941.25,3914.75,3916.25,183297
2023-03-10 13:00:00,3916.25,3922.25,3881.0,3886.75,236497
2023-03-10 14:00:00,3887.0,3922.25,3886.25,3912.25,276649
2023-03-10 15:00:00,3912.5,3917.5,3884.75,3897.25,334726
2023-03-10 16:00:00,3897.0,3914.75,3894.0,3913.75,72891
2023-03-12 18:00:00,3920.5,3957.0,3893.0,3926.5,67684
2023-03-12 19:00:00,3926.75,3950.25,3923.0,3939.75,36836
2023-03-12 20:00:00,3939.75,3955.0,3938.75,3946.0,23666
2023-03-12 21:00:00,3946.25,3950.5,3935.5,3940.75,15692
2023-03-12 22:00:00,3941.0,3963.0,3938.75,3961.25,23891
2023-03-12 23:00:00,3961.5,3967.75,3960.0,3962.0,11840
2023-03-13 00:00:00,3962.0,3965.25,3958.5,3960.75,6141
2023-03-13 01:00:00,3960.75,3967.75,3958.25,3966.0,10497
2023-03-13 02:00:00,3965.75,3971.5,3963.0,3967.5,9909
2023-03-13 03:00:00,3967.75,3969.0,3951.0,3954.0,19084
2023-03-13 04:00:00,3954.0,3955.25,3916.0,3917.25,51048
2023-03-13 05:00:00,3917.25,3919.5,3883.5,3894.75,88288
2023-03-13 06:00:00,3894.75,3918.0,3888.25,3911.75,48842
2023-03-13 07:00:00,3911.5,3928.0,3893.25,3898.0,61198
2023-03-13 08:00:00,3897.75,3904.5,3839.25,3865.25,149802
2023-03-13 09:00:00,3865.25,3897.5,3840.75,3890.25,284779
2023-03-13 10:00:00,3890.5,3914.25,3871.0,3912.75,327685
2023-03-13 11:00:00,3913.0,3934.25,3906.75,3924.5,274348
2023-03-13 12:00:00,3924.75,3940.5,3897.25,3902.5,223483
2023-03-13 13:00:00,3902.5,3918.0,3890.0,3915.0,169647
2023-03-13 14:00:00,3915.25,3931.75,3913.0,3920.75,147758
2023-03-13 15:00:00,3921.0,3925.0,3886.0,3889.0,261085
2023-03-13 16:00:00,3889.0,3897.75,3887.5,3895.0,62440
2023-03-13 18:00:00,3897.25,3902.25,3891.5,3901.5,7873
2023-03-13 19:00:00,3901.75,3902.25,3892.5,3892.5,9649
2023-03-13 20:00:00,3892.75,3904.25,3890.25,3899.0,17814
2023-03-13 21:00:00,3898.75,3905.5,3895.75,3901.0,11698
2023-03-13 22:00:00,3901.0,3911.75,3900.75,3908.75,10649
2023-03-13 23:00:00,3909.0,3912.0,3904.75,3909.0,7551
2023-03-14 00:00:00,3909.0,3912.0,3906.75,3908.25,4942
2023-03-14 01:00:00,3908.25,3911.5,3898.0,3901.5,7470
2023-03-14 02:00:00,3901.5,3903.0,3887.0,3899.75,19439
2023-03-14 03:00:00,3899.75,3907.75,3893.0,3899.75,20187
2023-03-14 04:00:00,3899.75,3912.0,3897.0,3911.5,41325
2023-03-14 05:00:00,3911.25,3912.0,3895.75,3904.5,25550
2023-03-14 06:00:00,3904.5,3909.75,3899.5,3905.75,19847
2023-03-14 07:00:00,3905.75,3921.25,3904.75,3916.75,36253
2023-03-14 08:00:00,3916.75,3939.5,3885.0,3933.75,162785
2023-03-14 09:00:00,3933.5,3957.25,3931.0,3948.75,305405
2023-03-14 10:00:00,3949.0,3968.0,3943.0,3957.75,294595
2023-03-14 11:00:00,3957.75,3972.5,3956.5,3962.5,150497
2023-03-14 12:00:00,3962.5,3965.75,3947.75,3950.75,154313
2023-03-14 13:00:00,3951.0,3953.75,3921.5,3927.75,258584
2023-03-14 14:00:00,3928.0,3936.25,3913.25,3924.75,197697
2023-03-14 15:00:00,3924.75,3957.5,3905.5,3952.75,376481
2023-03-14 16:00:00,3952.75,3957.25,3946.5,3955.0,72922
2023-03-14 18:00:00,3953.75,3954.75,3948.0,3948.75,7980
2023-03-14 19:00:00,3948.75,3953.75,3948.5,3952.25,8307
2023-03-14 20:00:00,3952.25,3953.5,3947.0,3949.75,11190
2023-03-14 21:00:00,3949.5,3955.25,3948.75,3954.0,9501
2023-03-14 22:00:00,3954.0,3964.0,3953.75,3962.5,12427
2023-03-14 23:00:00,3962.5,3963.0,3957.5,3958.5,5683
2023-03-15 00:00:00,3958.5,3959.25,3954.75,3958.0,4784
2023-03-15 01:00:00,3958.0,3958.25,3950.75,3953.25,7684
2023-03-15 02:00:00,3953.5,3962.25,3953.0,3960.0,9777
2023-03-15 03:00:00,3960.25,3961.5,3951.5,3956.5,15159
2023-03-15 04:00:00,3956.5,3959.5,3946.25,3947.5,29802
2023-03-15 05:00:00,3947.5,3948.5,3921.0,3921.75,52459
2023-03-15 06:00:00,3921.75,3924.75,3870.5,3880.75,105889
2023-03-15 07:00:00,3880.75,3894.5,3880.0,3885.5,92839
2023-03-15 08:00:00,3885.5,3899.75,3865.0,3877.25,128104
2023-03-15 09:00:00,3877.25,3909.75,3872.5,3887.75,325139
2023-03-15 10:00:00,3887.75,3906.25,3875.0,3893.75,379818
2023-03-15 11:00:00,3894.0,3906.75,3888.25,3889.75,233803
2023-03-15 12:00:00,3889.75,3895.25,3869.5,3874.0,201460
2023-03-15 13:00:00,3874.0,3902.5,3870.5,3897.75,204195
2023-03-15 14:00:00,3897.75,3928.5,3887.0,3920.0,295665
2023-03-15 15:00:00,3920.25,3928.75,3901.25,3928.75,394943
2023-03-15 16:00:00,3928.75,3931.25,3921.25,3925.5,87451
2023-03-15 18:00:00,3924.75,3931.0,3921.75,3929.0,10653
2023-03-15 19:00:00,3929.25,3931.5,3920.25,3922.5,11777
2023-03-15 20:00:00,3922.25,3944.25,3922.0,3944.0,27802
2023-03-15 21:00:00,3943.75,3947.5,3935.5,3940.5,26920
2023-03-15 22:00:00,3940.75,3944.5,3936.5,3940.25,13898
2023-03-15 23:00:00,3940.25,3941.5,3933.75,3937.25,9790
2023-03-16 00:00:00,3937.25,3944.0,3937.25,3943.75,7587
2023-03-16 01:00:00,3943.75,3944.0,3938.5,3939.0,7708
2023-03-16 02:00:00,3939.25,3941.0,3926.75,3928.5,13362
2023-03-16 03:00:00,3928.5,3940.25,3922.75,3939.25,26686
2023-03-16 04:00:00,3939.25,3943.5,3926.0,3926.25,41082
2023-03-16 05:00:00,3926.0,3928.5,3912.25,3920.25,31677
2023-03-16 06:00:00,3920.5,3924.25,3914.5,3923.5,20032
2023-03-16 07:00:00,3923.5,3924.0,3908.0,3918.0,35370
2023-03-16 08:00:00,3918.0,3927.75,3908.25,3912.25,72474
2023-03-16 09:00:00,3912.25,3919.0,3895.0,3918.5,255876
2023-03-16 10:00:00,3918.5,3954.0,3898.0,3949.25,350505
2023-03-16 11:00:00,3949.25,3978.75,3941.25,3973.0,311414
2023-03-16 12:00:00,3972.75,3989.5,3958.0,3987.0,258609
2023-03-16 13:00:00,3987.25,3996.25,3977.75,3985.0,197810
2023-03-16 14:00:00,3985.0,3987.5,3971.0,3987.0,144580
2023-03-16 15:00:00,3987.25,3999.0,3985.25,3994.75,292917
2023-03-16 16:00:00,3995.0,4000.0,3992.0,3996.25,85634
2023-03-16 18:00:00,3995.0,3995.25,3988.0,3993.75,10792
2023-03-16 19:00:00,3994.0,3997.75,3992.75,3994.25,7403
2023-03-16 20:00:00,3994.25,3994.5,3987.75,3989.0,10048
2023-03-16 21:00:00,3989.0,3993.0,3988.5,3991.75,7261
2023-03-16 22:00:00,3991.75,3994.75,3991.0,3992.0,6299
2023-03-16 23:00:00,3991.75,3995.5,3991.25,3993.75,5854
2023-03-17 00:00:00,3994.0,3999.0,3993.5,3998.0,5497
2023-03-17 01:00:00,3998.0,3999.25,3995.25,3997.25,6018
2023-03-17 02:00:00,3997.5,4002.75,3993.25,4002.0,8199
2023-03-17 03:00:00,4002.0,4003.25,3996.25,3998.5,14583
2023-03-17 04:00:00,3998.5,4009.25,3997.0,3999.25,37178
2023-03-17 05:00:00,3999.25,4006.0,3995.25,3998.5,24723
2023-03-17 06:00:00,3998.25,3999.0,3988.25,3990.0,26381
2023-03-17 07:00:00,3990.0,3991.5,3978.5,3985.5,41378
2023-03-17 08:00:00,3985.25,3987.25,3956.75,3963.5,88175
2023-03-17 09:00:00,3963.5,3990.25,3963.5,3976.25,296245
2023-03-17 10:00:00,3976.5,3992.5,3941.75,3949.75,352233
2023-03-17 11:00:00,3949.75,3957.75,3933.0,3943.25,240725
2023-03-17 12:00:00,3943.25,3965.75,3942.25,3951.25,198967
2023-03-17 13:00:00,3951.25,3964.0,3949.25,3957.75,134584
2023-03-17 14:00:00,3957.5,3962.5,3932.5,3943.25,186541
2023-03-17 15:00:00,3943.25,3955.75,3938.75,3948.0,301500
2023-03-17 16:00:00,3948.0,3955.25,3946.25,3947.75,70999
2023-03-19 18:00:00,3963.75,3976.75,3952.5,3967.75,39511
2023-03-19 19:00:00,3967.75,3974.75,3961.75,3971.0,15845
2023-03-19 20:00:00,3971.0,3978.25,3970.5,3975.25,20503
2023-03-19 21:00:00,3975.0,3975.0,3956.75,3961.5,21475
2023-03-19 22:00:00,3961.5,3965.25,3957.75,3962.75,10941
2023-03-19 23:00:00,3962.75,3963.0,3950.0,3952.0,13401
2023-03-20 00:00:00,3952.0,3953.5,3943.5,3947.5,10574
2023-03-20 01:00:00,3947.5,3951.25,3943.75,3945.25,9795
2023-03-20 02:00:00,3945.25,3946.25,3901.75,3910.0,42156
2023-03-20 03:00:00,3910.25,3922.25,3905.5,3920.25,39640
2023-03-20 04:00:00,3920.5,3930.75,3897.25,3929.0,71807
2023-03-20 05:00:00,3929.25,3947.25,3925.0,3944.75,49634
2023-03-20 06:00:00,3944.5,3954.5,3938.5,3951.75,41297
2023-03-20 07:00:00,3951.75,3954.25,3937.25,3945.75,34526
2023-03-20 08:00:00,3945.75,3965.75,3938.5,3959.75,49621
2023-03-20 09:00:00,3959.75,3968.0,3946.75,3963.75,224822
2023-03-20 10:00:00,3963.5,3979.0,3955.75,3977.75,243600
2023-03-20 11:00:00,3977.75,3989.5,3970.75,3971.75,170575
2023-03-20 12:00:00,3972.0,3979.75,3954.0,3976.25,177494
2023-03-20 13:00:00,3976.5,3986.0,3975.0,3977.75,109578
2023-03-20 14:00:00,3977.75,3981.5,3966.75,3974.75,117477
2023-03-20 15:00:00,3974.5,3989.0,3969.75,3984.5,190854
2023-03-20 16:00:00,3984.25,3988.25,3982.75,3987.5,39967
2023-03-20 18:00:00,3986.5,3989.0,3983.75,3986.75,5499
2023-03-20 19:00:00,3986.75,3986.75,3982.0,3984.75,4883
2023-03-20 20:00:00,3984.75,3998.0,3981.75,3989.25,20121
2023-03-20 21:00:00,3989.5,3992.0,3983.5,3990.5,12121
2023-03-20 22:00:00,3990.5,3993.5,3989.0,3991.0,5422
2023-03-20 23:00:00,3991.0,3991.0,3987.25,3988.25,3510
2023-03-21 00:00:00,3988.25,3988.5,3985.5,3986.0,2720
2023-03-21 01:00:00,3986.0,3989.0,3984.75,3987.0,3296
2023-03-21 02:00:00,3987.25,3992.0,3985.5,3991.0,5178
2023-03-21 03:00:00,3991.0,3999.0,3988.25,3994.5,13228
2023-03-21 04:00:00,3994.5,3999.0,3989.75,3996.0,25421
2023-03-21 05:00:00,3996.0,4006.25,3994.25,4005.25,23254
2023-03-21 06:00:00,4005.25,4014.0,4003.75,4008.0,29936
2023-03-21 07:00:00,4008.0,4019.25,4005.5,4018.0,31324
2023-03-21 08:00:00,4017.75,4019.75,4014.25,4017.0,28629
2023-03-21 09:00:00,4017.0,4027.75,4015.75,4026.75,159753
2023-03-21 10:00:00,4026.75,4031.5,4006.25,4010.25,265773
2023-03-21 11:00:00,4010.25,4021.25,4003.5,4006.75,175191
2023-03-21 12:00:00,4007.0,4017.25,4004.25,4012.25,111255
2023-03-21 13:00:00,4012.5,4022.5,4009.5,4011.0,91193
2023-03-21 14:00:00,4011.0,4028.0,4010.75,4025.25,103838
2023-03-21 15:00:00,4025.25,4043.25,4024.75,4038.5,260966
2023-03-21 16:00:00,4038.25,4041.5,4037.25,4039.0,59951
2023-03-21 18:00:00,4038.75,4038.75,4035.0,4037.25,3926
2023-03-21 19:00:00,4037.5,4038.75,4036.0,4037.75,4295
2023-03-21 20:00:00,4037.5,4038.0,4032.75,4034.5,7875
2023-03-21 21:00:00,4035.0,4039.5,4033.0,4039.0,7302
2023-03-21 22:00:00,4038.75,4039.0,4034.5,4035.5,4734
2023-03-21 23:00:00,4035.75,4037.5,4034.5,4037.25,4578
2023-03-22 00:00:00,4037.25,4040.5,4036.5,4039.5,4713
2023-03-22 01:00:00,4039.5,4040.0,4036.75,4037.25,4692
2023-03-22 02:00:00,4037.0,4038.25,4035.0,4037.75,5208
2023-03-22 03:00:00,4038.0,4038.0,4024.5,4027.0,15475
2023-03-22 04:00:00,4027.0,4030.25,4022.75,4027.25,19749
2023-03-22 05:00:00,4027.25,4035.0,4025.25,4031.75,12728
2023-03-22 06:00:00,4031.75,4039.0,4028.5,4037.0,17934
2023-03-22 07:00:00,4037.25,4041.75,4033.25,4034.5,17909
2023-03-22 08:00:00,4034.75,4037.25,4031.25,4035.75,18649
2023-03-22 09:00:00,4035.75,4039.0,4029.0,4034.25,121106
2023-03-22 10:00:00,4034.25,4047.5,4031.25,4041.0,131505
2023-03-22 11:00:00,4041.0,4042.75,4032.25,4037.5,94391
2023-03-22 12:00:00,4037.5,4038.25,4026.5,4027.5,83148
2023-03-22 13:00:00,4027.75,4036.25,4021.75,4034.25,71935
2023-03-22 14:00:00,4033.75,4073.75,4022.25,4034.0,440079
2023-03-22 15:00:00,4034.0,4047.5,3967.75,3969.0,533423
2023-03-22 16:00:00,3969.0,3977.75,3966.25,3971.75,107535
2023-03-22 18:00:00,3972.75,3978.5,3971.75,3976.5,7292
2023-03-22 19:00:00,3976.5,3977.0,3972.75,3975.25,6382
2023-03-22 20:00:00,3975.0,3979.0,3970.75,3976.0,14008
2023-03-22 21:00:00,3976.0,3982.0,3975.5,3981.5,11668
2023-03-22 22:00:00,3981.5,3991.25,3981.25,3989.5,13336
2023-03-22 23:00:00,3989.5,3989.75,3986.75,3988.75,6549
2023-03-23 00:00:00,3988.5,3990.75,3987.0,3990.25,4087
2023-03-23 01:00:00,3990.0,3996.25,3987.75,3993.75,9601
2023-03-23 02:00:00,3993.75,3995.0,3989.75,3991.75,10065
2023-03-23 03:00:00,3991.75,3999.0,3990.25,3996.75,16700
2023-03-23 04:00:00,3996.75,4001.25,3995.25,3998.0,35632
2023-03-23 05:00:00,3998.25,3998.75,3986.75,3989.5,22115
2023-03-23 06:00:00,3989.5,3990.75,3977.25,3987.0,24559
2023-03-23 07:00:00,3986.75,3995.0,3986.0,3991.75,21945
2023-03-23 08:00:00,3991.5,3996.75,3985.25,3988.75,36889
2023-03-23 09:00:00,3988.75,4007.75,3982.5,4005.5,189231
2023-03-23 10:00:00,4005.25,4032.0,4004.5,4030.75,252347
2023-03-23 11:00:00,4030.75,4039.5,4024.25,4027.0,187620
2023-03-23 12:00:00,4026.75,4030.0,4011.75,4014.0,163514
2023-03-23 13:00:00,4014.25,4017.5,3992.5,3994.0,222742
2023-03-23 14:00:00,3994.25,3999.5,3950.25,3968.0,326825
2023-03-23 15:00:00,3968.25,3995.25,3948.5,3975.75,489531
2023-03-23 16:00:00,3975.75,3994.25,3974.0,3987.5,85408
